[01]:12 18 30 31 46 52
[02]:16 20 24 29 38 50
[03]:19 27 39 43 48 56
[04]:02 04 05 18 25 37
[05]:19 20 23 29 46 55
[06]:11 35 40 44 47 52
[07]:06 15 22 25 31 42
[08]:18 20 26 34 51 53
[09]:06 08 31 38 43 57
[10]:02 04 05 13 29 47
[11]:05 06 17 25 33 57
[12]:06 19 23 31 49 52
[13]:03 17 19 39 46 53
[14]:03 17 22 42 45 59
[15]:02 09 16 25 49 54
[16]:04 09 15 23 33 47
[17]:01 09 12 24 27 37
[18]:04 10 31 33 42 48
[19]:01 09 12 24 27 54
[20]:09 23 25 27 49 53
[21]:04 05 23 27 35 36
[22]:08 12 25 48 54 55
[23]:14 21 33 34 36 46
[24]:05 06 26 28 43 55
[25]:07 13 25 36 43 55
[26]:17 21 22 40 48 50
[27]:01 10 24 37 43 59
[28]:23 38 54 58 59 60
[29]:03 16 23 27 34 48
[30]:06 08 13 35 46 47
[31]:06 33 48 49 51 56
[32]:09 21 22 32 46 51
[33]:18 19 25 27 28 51
[34]:04 09 36 39 42 49
[35]:01 15 19 24 25 50
[36]:19 25 50 52 54 59
[37]:09 20 22 41 55 60
[38]:07 12 14 26 32 36
[39]:21 22 30 42 48 54
[40]:22 30 34 41 46 53
[41]:05 09 10 11 23 27
[42]:05 12 19 20 27 51
[43]:03 05 12 23 24 30
[44]:02 07 13 46 50 54
[45]:01 05 16 40 44 57
[46]:09 10 11 31 37 56
[47]:16 29 33 42 56 60
[48]:03 10 21 32 34 48
[49]:06 10 18 19 26 56
[50]:11 19 35 49 58 60